58
3340 18
1489 7453 23964 31484 96673 54815 8177 46621 45755 89643 76201 66710 64382 37866 33191 77225 34884 82696 
5287 20
25386 25182 74984 28737 70320 78017 8987 3028 10141 27536 45300 7137 85930 80276 3206 6389 74627 61540 69034 84768 
6937 20
47247 6552 36164 20272 60107 44769 97743 90470 96138 26012 62652 62072 2814 33859 15426 64550 63659 89923 80846 85692 
3301 20
89106 71697 4023 40547 96993 70229 38908 87044 31788 19561 16442 35755 17449 4947 8738 19556 2972 92476 1990 25109 
8750 18
87766 31847 58401 62683 92134 56668 74777 7264 9468 44610 22364 32270 34853 49185 38092 51553 88161 83312 
2376 19
42899 49492 37443 15707 23742 10170 91467 93898 52992 54962 75624 1632 5633 88182 98333 77479 12138 20487 24430 
6732 20
73562 13724 8321 11427 54041 64978 6926 93576 5703 42076 15518 29216 28875 68300 41210 51248 18926 63448 20435 1786 
5621 19
28194 12746 52140 32620 45934 78307 34928 94534 4633 27127 7845 3209 80098 19098 59919 60026 56717 14822 91081 
9800 20
16573 83343 87909 62235 42314 23887 62670 4382 39110 97820 72219 27170 29173 29458 50977 84088 72334 37308 21735 65584 
6464 18
73743 58880 37271 70117 7568 73781 7421 84763 19163 42483 71231 42093 8972 88610 66338 51166 78557 49221 
1262 19
93039 89874 76659 59548 89597 99440 81930 28974 91993 52936 97293 37217 12010 60418 63823 21917 91379 4865 15082 
171 18
33601 76712 1041 6770 96480 28062 93834 77844 25686 19756 98551 96439 14190 46997 8249 43211 52473 83172 
9536 17
7833 80553 96470 43091 86746 47966 78845 9114 23190 96880 38237 95844 37821 2979 40451 98834 7034 
1364 20
95115 83629 7442 46785 31631 36175 67215 53457 50191 35016 16602 13278 6637 5480 9703 22118 43337 78179 61473 18075 
4431 20
63847 17664 28784 55114 57498 14772 7277 45797 55444 91132 41337 74076 27275 5799 79125 41381 60032 86464 18859 38796 
6132 20
24486 78304 70814 72999 26482 51697 31537 49399 91995 7367 3129 99616 70159 22965 82418 35404 31414 86473 98166 53964 
3156 17
17659 20300 68184 70022 41816 5883 48445 18056 43827 44433 94725 82727 50115 69169 60921 41314 93278 
4151 19
94044 16075 81026 2007 55596 90768 1414 4293 4371 13876 50777 21082 64586 4716 80372 87260 83535 23247 61369 
4730 18
76991 49594 31199 68770 87813 33724 22078 9219 76599 58981 40011 66066 60544 70758 70749 67578 60736 10529 
1785 20
2644 75745 67301 28923 65211 4612 26014 71438 13637 20710 23466 83641 35779 8805 89629 3713 70753 72860 25081 23543 
8079 16
12234 7197 82065 21614 61137 78175 41092 81894 88329 8205 40346 42415 18718 78690 14251 35705 
6829 19
34523 52615 60881 27337 11981 29348 60934 9010 25090 11544 68828 74908 50086 6498 83846 45522 69860 2609 54721 
9 19
90178 64402 32264 35949 95375 91115 73654 38744 18888 23584 51373 15538 75171 31528 72742 21205 83380 83907 67053 
7101 19
40947 27529 51475 32767 91494 91892 39203 57753 69665 6310 64226 25994 80942 38707 24687 92569 11319 1131 2410 
9575 17
60167 12528 156 6882 67740 96219 64191 54694 7161 56036 8687 89330 89054 38374 88866 46723 59233 
1769 20
87017 89148 47207 77756 41913 12071 39873 33024 29957 7619 88216 36196 59229 78261 85843 21137 39695 52421 18408 95524 
1656 18
1053 65224 23470 61273 86226 19251 24609 97291 35245 93771 72509 60616 37811 43936 44711 87475 88168 25507 
5300 17
68007 31632 35042 48327 66943 38344 29553 79246 34016 95188 1720 68359 74157 66613 7991 64788 1074 
7571 18
81760 84042 86307 50211 35514 47873 32320 98311 92146 20278 77627 14527 46106 14748 94825 78861 38860 25497 
5456 18
25761 37659 22032 87086 57034 23064 2724 36677 65290 6079 52154 26549 71499 59519 2203 82694 8211 83731 
6309 20
87322 38955 63596 86093 21737 96428 14653 45999 93976 80460 26640 95180 75658 79448 17753 95246 38032 48809 11607 82507 
4297 19
8519 19612 5924 85081 25838 35826 55765 596 7838 75660 41818 28652 71757 10514 50128 81533 77693 40342 40293 
7584 17
40246 71995 18981 72986 21488 23420 51486 62506 17949 86386 64265 99672 92705 39153 8135 1783 75741 
8252 20
7933 15644 66036 24053 29847 62528 1999 37139 3773 95482 75849 23250 43887 48007 82089 41332 36571 70777 22870 36026 
2458 18
13855 29017 47298 53647 64735 44793 23528 88267 27462 16162 24514 48316 21568 24281 42765 93986 28094 78002 
6475 20
58887 12560 14540 73577 23436 65414 11961 10604 651 53368 76975 5887 99870 22107 37398 76173 11868 66303 82125 74108 
6355 16
84084 44783 10185 70258 65387 56480 97645 50907 41965 20133 94618 17030 31177 33872 62766 91485 
6020 19
37584 20367 16329 67998 55774 38092 6235 35028 65581 141 95373 25232 46814 95225 38747 5209 77779 38495 7074 
9360 20
78325 10309 24559 56144 80313 24107 79495 61639 50690 82589 73221 65510 90434 30705 87026 34983 53414 21817 5046 8808 
7416 20
35747 65077 64444 60220 98612 26074 22780 69510 88622 7481 651 29535 54922 30947 49827 15806 39798 98283 89393 8933 
9998 19
64416 73064 53242 865 93052 85931 17066 7541 23867 63916 7193 78073 32067 85027 97190 31316 14081 34701 39237 
2269 20
68373 24443 60244 54550 96225 54049 27432 16400 83406 96431 77141 48995 79711 21349 13151 77337 25367 7341 37632 36013 
619 18
69605 63639 90525 32558 28694 73884 62088 19497 60621 75448 40418 65213 93396 94035 56635 21046 29412 5153 
1685 19
88734 54301 75488 24423 22078 15324 50975 3951 47689 71000 80237 4715 54390 70367 52819 95819 14084 74642 96298 
4747 15
66118 99026 67265 83455 62706 90051 85373 73658 38173 18335 37252 77851 39334 23270 88551 
8619 20
38054 22350 63017 13613 41380 32981 75489 36119 15338 75063 79332 74371 84382 98662 31004 30076 13798 15139 38880 2992 
369 20
9741 3212 42756 79272 68137 30841 6355 15393 78547 77410 26625 51246 32053 92968 9739 35058 13634 74289 72504 5709 
3815 18
61699 77528 63161 92909 7154 23933 77166 32339 4154 46374 51966 46480 17945 60964 34414 14465 42691 18904 
8633 18
65450 6963 24477 31777 71976 45900 46131 98111 38962 9625 46064 66129 67844 44818 39974 53911 8506 24125 
6031 20
28934 25933 12241 93202 32328 89317 13299 28802 99007 83325 69625 55313 70466 23922 77082 94439 68286 89846 64514 76663 
684 18
96289 3569 17968 6642 77143 76599 76404 59709 7471 47959 63941 29962 18534 89530 90353 62168 75396 78566 
6586 18
42086 41139 22929 87131 51950 47698 90896 5579 42600 73428 37323 28119 60901 96436 60687 86445 35966 64014 
2985 19
84273 95068 60726 51017 81301 31850 85650 84959 34879 60130 94195 73927 18528 43834 61028 33431 25908 96818 23427 
7259 16
72463 14752 40686 32807 40291 76191 70983 14943 76989 5724 28997 28376 44513 25195 28395 65832 
3613 20
27244 55759 44158 37763 28634 4461 4368 19254 43355 31038 26915 77609 68941 30742 25581 14696 21856 64790 63209 91166 
5263 17
41725 32725 27573 73291 63602 83457 78398 34601 64389 15260 805 37405 36344 38744 90365 21385 35600 
4963 18
47826 39937 99191 21883 13355 36289 28802 32355 67334 31380 61153 99629 28048 21360 34875 44372 42460 62023 
1750 20
18814 91749 54370 64392 28733 74833 70715 7149 84480 68603 97517 91723 10305 41618 80077 68908 62902 3419 11023 44587 
